# This file may be used to create an environment using:
# $ conda create --name <env> --file <this file>
# platform: linux-64
_tflow_select=2.1.0=gpu
absl-py=0.5.0=py36_0
astor=0.7.1=py36_0
blas=1.0=mkl
bleach=1.5.0=py36_0
ca-certificates=2018.03.07=0
certifi=2018.10.15=py36_0
cudatoolkit=9.0=h13b8566_0
cudnn=7.1.2=cuda9.0_0
cupti=9.0.176=0
freetype=2.9.1=h8a8886c_1
gast=0.2.0=py36_0
grpcio=1.12.1=py36hdbcaa40_0
h5py=2.8.0=py36h989c5e5_3
hdf5=1.10.2=hba1933b_1
html5lib=0.9999999=py36_0
intel-openmp=2019.0=118
jpeg=9b=h024ee3a_2
keras-applications=1.0.6=py36_0
keras-preprocessing=1.0.5=py36_0
libedit=3.1.20170329=h6b74fdf_2
libffi=3.2.1=hd88cf55_4
libgcc-ng=8.2.0=hdf63c60_1
libgfortran-ng=7.3.0=hdf63c60_0
libpng=1.6.35=hbc83047_0
libprotobuf=3.6.0=hdbcaa40_0
libstdcxx-ng=8.2.0=hdf63c60_1
libtiff=4.0.9=he85c1e1_2
markdown=3.0.1=py36_0
mkl=2019.0=118
mkl_fft=1.0.6=py36h7dd41cf_0
mkl_random=1.0.1=py36h4414c95_1
ncurses=6.1=hf484d3e_0
numpy=1.15.3=py36h1d66e8a_0
numpy-base=1.15.3=py36h81de0dd_0
olefile=0.46=py36_0
openssl=1.1.1=h7b6447c_0
pillow=5.3.0=py36h34e0f95_0
pip=10.0.1=py36_0
protobuf=3.6.0=py36hf484d3e_0
psutil=5.4.8=py36h7b6447c_0
python=3.6.7=h0371630_0
readline=7.0=h7b6447c_5
scipy=1.1.0=py36hfa4b5c9_1
setuptools=40.4.3=py36_0
six=1.11.0=py36_1
sortedcontainers=2.0.5=py36_0
sqlite=3.25.2=h7b6447c_0
tensorboard=1.7.0=py36hf484d3e_1
tensorflow=1.7.0=0
tensorflow-base=1.7.0=py36hdbcaa40_2
tensorflow-gpu=1.7.0=0
tensorflow-gpu-base=1.7.0=py36hcdda91b_1
termcolor=1.1.0=py36_1
tk=8.6.8=hbc83047_0
werkzeug=0.14.1=py36_0
wheel=0.32.2=py36_0
xz=5.2.4=h14c3975_4
zlib=1.2.11=ha838bed_2
